Datum|1 AUD|1 BGN|1 BRL|1 CAD|1 CHF|1 CNY|1 DKK|1 EUR|1 GBP|1 HKD|1 HRK|100 HUF|1000 IDR|1 ILS|100 INR|100 ISK|100 JPY|100 KRW|1 MXN|1 MYR|1 NOK|1 NZD|100 PHP|1 PLN|1 RON|100 RUB|1 SEK|1 SGD|100 THB|1 TRY|1 USD|1 XDR|1 ZAR
03.01.2022|15,818|12,690|3,906|17,210|23,931|3,441|3,337|24,820|29,502|2,803|3,301|6,751|1,532|7,068|29,412|16,816|19,016|1,833|1,068|5,239|2,481|14,902|42,757|5,408|5,016|29,362|2,410|16,189|65,897|1,646|21,860|30,595|1,382
04.01.2022|15,784|12,655|3,857|17,211|23,903|3,441|3,328|24,750|29,599|2,815|3,292|6,779|1,534|7,090|29,394|16,746|18,870|1,829|1,067|5,242|2,472|14,849|42,683|5,419|5,002|29,146|2,407|16,166|65,862|1,635|21,944|30,744|1,367
05.01.2022|15,764|12,567|3,831|17,076|23,722|3,414|3,305|24,580|29,426|2,789|3,268|6,788|1,514|7,030|29,234|16,744|18,759|1,816|1,063|5,184|2,465|14,814|42,637|5,382|4,970|28,697|2,397|16,040|65,439|1,613|21,739|30,359|1,372
06.01.2022|15,547|12,542|3,810|16,977|23,600|3,398|3,297|24,530|29,345|2,779|3,261|6,817|1,506|6,960|29,118|16,710|18,719|1,801|1,055|5,146|2,444|14,645|42,335|5,378|4,962|28,356|2,375|15,944|64,656|1,578|21,679|30,332|1,379
07.01.2022|15,462|12,495|3,798|17,000|23,450|3,391|3,286|24,440|29,291|2,772|3,250|6,813|1,506|6,955|29,098|16,740|18,668|1,796|1,057|5,138|2,437|14,595|42,094|5,372|4,942|28,659|2,376|15,912|64,204|1,554|21,626|30,243|1,384
10.01.2022|15,444|12,456|3,809|17,004|23,317|3,378|3,275|24,360|29,212|2,761|3,237|6,796|1,504|6,901|29,073|16,662|18,674|1,797|1,056|5,125|2,430|14,542|41,902|5,373|4,926|28,664|2,364|15,877|64,023|1,547|21,525|30,096|1,376
11.01.2022|15,449|12,483|3,821|17,035|23,250|3,379|3,281|24,415|29,252|2,762|3,245|6,830|1,506|6,878|29,153|16,609|18,645|1,805|1,057|5,138|2,438|14,557|42,110|5,372|4,937|28,769|2,369|15,915|64,515|1,566|21,538|30,151|1,379
12.01.2022|15,495|12,486|3,847|17,127|23,285|3,375|3,282|24,420|29,302|2,754|3,246|6,858|1,500|6,895|29,055|16,612|18,606|1,804|1,053|5,129|2,461|14,561|42,060|5,385|4,938|28,800|2,381|15,898|64,390|1,556|21,470|30,066|1,391
13.01.2022|15,571|12,505|3,851|17,106|23,399|3,355|3,287|24,460|29,273|2,740|3,252|6,885|1,493|6,864|28,874|16,639|18,678|1,800|1,045|5,110|2,462|14,667|41,764|5,392|4,947|28,242|2,389|15,857|64,297|1,571|21,340|29,916|1,386
14.01.2022|15,500|12,523|3,867|17,094|23,481|3,368|3,292|24,495|29,332|2,749|3,258|6,878|1,497|6,888|28,836|16,663|18,816|1,799|1,053|5,122|2,452|14,627|41,717|5,392|4,956|27,824|2,385|15,889|64,411|1,576|21,400|30,119|1,391
17.01.2022|15,479|12,512|3,897|17,128|23,461|3,380|3,288|24,470|29,283|2,754|3,251|6,872|1,499|6,899|28,885|16,669|18,731|1,800|1,055|5,130|2,456|14,597|41,835|5,408|4,949|28,004|2,375|15,917|64,808|1,601|21,461|30,215|1,390
18.01.2022|15,427|12,488|3,890|17,166|23,450|3,385|3,282|24,425|29,191|2,758|3,247|6,843|1,499|6,868|28,799|16,729|18,730|1,802|1,055|5,136|2,451|14,539|41,715|5,397|4,939|28,156|2,367|15,913|64,904|1,582|21,488|30,252|1,392
19.01.2022|15,477|12,429|3,881|17,188|23,414|3,376|3,267|24,310|29,230|2,750|3,230|6,831|1,492|6,840|28,799|16,742|18,719|1,804|1,052|5,110|2,447|14,573|41,604|5,375|4,916|28,104|2,350|15,897|64,874|1,576|21,427|30,075|1,398
20.01.2022|15,491|12,404|3,937|17,136|23,368|3,373|3,260|24,260|29,136|2,749|3,223|6,818|1,493|6,822|28,758|16,685|18,731|1,798|1,047|5,109|2,436|14,500|41,627|5,364|4,906|27,920|2,339|15,898|65,018|1,595|21,399|30,006|1,406
21.01.2022|15,429|12,447|3,922|17,125|23,516|3,385|3,271|24,345|29,106|2,755|3,234|6,796|1,496|6,825|28,838|16,720|18,852|1,801|1,048|5,124|2,421|14,417|41,849|5,371|4,923|28,028|2,337|15,952|65,164|1,599|21,452|30,084|1,419
24.01.2022|15,455|12,539|3,961|17,193|23,787|3,428|3,295|24,525|29,261|2,787|3,257|6,815|1,513|6,841|29,072|16,844|19,067|1,812|1,054|5,179|2,413|14,508|42,248|5,383|4,959|27,653|2,335|16,117|65,610|1,616|21,694|30,415|1,422
25.01.2022|15,490|12,522|3,942|17,194|23,634|3,434|3,291|24,495|29,262|2,792|3,254|6,813|1,515|6,827|29,061|16,777|19,061|1,812|1,052|5,188|2,416|14,485|42,410|5,353|4,953|27,600|2,332|16,160|65,694|1,606|21,737|30,451|1,419
26.01.2022|15,595|12,537|4,016|17,305|23,613|3,442|3,295|24,520|29,383|2,793|3,257|6,817|1,515|6,837|29,046|16,841|19,025|1,817|1,058|5,188|2,449|14,540|42,486|5,347|4,958|27,488|2,346|16,173|65,972|1,607|21,744|30,418|1,435
27.01.2022|15,492|12,490|4,061|17,250|23,513|3,438|3,282|24,430|29,303|2,810|3,243|6,822|1,522|6,846|29,091|16,825|18,977|1,817|1,056|5,215|2,445|14,480|42,639|5,358|4,939|28,037|2,339|16,190|65,802|1,608|21,891|30,641|1,428
28.01.2022|15,301|12,493|4,065|17,164|23,545|3,451|3,283|24,435|29,377|2,815|3,245|6,815|1,525|6,845|29,230|16,969|18,990|1,811|1,054|5,236|2,438|14,349|42,851|5,341|4,940|28,213|2,316|16,175|65,647|1,614|21,940|30,542|1,406
31.01.2022|15,403|12,458|4,061|17,120|23,420|3,434|3,274|24,365|29,302|2,801|3,236|6,822|1,519|6,836|29,225|17,015|18,920|1,806|1,051|5,218|2,435|14,349|42,757|5,309|4,925|28,094|2,324|16,125|65,605|1,631|21,840|30,374|1,402
01.02.2022|15,338|12,442|4,085|17,022|23,459|3,398|3,271|24,335|29,146|2,773|3,233|6,828|1,503|6,825|28,906|16,923|18,850|1,798|1,052|5,164|2,442|14,291|42,316|5,313|4,920|28,201|2,330|16,012|65,108|1,616|21,615|30,083|1,418
02.02.2022|15,355|12,423|4,075|16,953|23,358|3,372|3,267|24,300|29,138|2,752|3,229|6,856|1,494|6,789|28,705|16,969|18,786|1,787|1,046|5,125|2,449|14,285|42,030|5,347|4,913|28,311|2,339|15,924|64,653|1,588|21,449|29,985|1,401
03.02.2022|15,240|12,348|4,037|16,849|23,202|3,365|3,246|24,150|29,025|2,746|3,207|6,829|1,489|6,719|28,579|16,959|18,632|1,778|1,039|5,116|2,426|14,209|41,929|5,330|4,883|28,019|2,325|15,877|64,542|1,578|21,402|29,978|1,397
04.02.2022|15,070|12,456|4,004|16,705|23,054|3,341|3,273|24,360|28,799|2,729|3,236|6,903|1,478|6,632|28,444|17,059|18,494|1,773|1,033|5,085|2,424|14,094|41,465|5,357|4,925|27,900|2,331|15,801|64,447|1,571|21,251|29,734|1,385
07.02.2022|15,060|12,393|4,006|16,668|22,935|3,332|3,256|24,240|28,631|2,718|3,223|6,858|1,471|6,631|28,351|16,904|18,423|1,767|1,028|5,061|2,408|14,028|41,105|5,334|4,900|28,009|2,320|15,754|64,244|1,562|21,180|29,792|1,370
08.02.2022|15,137|12,405|4,029|16,726|23,007|3,341|3,259|24,260|28,753|2,728|3,225|6,871|1,478|6,601|28,457|17,037|18,426|1,774|1,029|5,082|2,407|14,106|41,324|5,354|4,906|28,286|2,323|15,806|64,506|1,560|21,268|29,873|1,376
09.02.2022|15,246|12,419|4,036|16,734|23,012|3,339|3,263|24,290|28,818|2,726|3,226|6,882|1,480|6,597|28,389|17,082|18,398|1,779|1,034|5,077|2,415|14,198|41,454|5,382|4,911|28,403|2,334|15,827|64,948|1,562|21,246|29,821|1,386
10.02.2022|15,319|12,449|4,081|16,794|23,034|3,350|3,273|24,350|28,903|2,731|3,234|6,878|1,484|6,617|28,335|17,172|18,389|1,781|1,042|5,088|2,418|14,259|41,563|5,420|4,924|28,641|2,313|15,867|65,217|1,573|21,286|29,886|1,407
11.02.2022|15,325|12,477|4,120|16,834|23,116|3,364|3,280|24,405|29,068|2,741|3,241|6,907|1,490|6,604|28,429|17,211|18,454|1,790|1,047|5,103|2,422|14,285|41,734|5,397|4,935|28,412|2,313|15,911|65,459|1,585|21,378|30,013|1,412
14.02.2022|15,428|12,543|4,161|16,999|23,427|3,412|3,297|24,535|29,305|2,778|3,259|6,867|1,513|6,658|28,698|17,205|18,781|1,811|1,060|5,173|2,438|14,334|42,207|5,404|4,960|28,425|2,312|16,089|66,716|1,598|21,676|30,396|1,431
15.02.2022|15,370|12,485|4,141|16,920|23,294|3,394|3,281|24,420|29,153|2,759|3,243|6,873|1,505|6,673|28,582|17,295|18,615|1,799|1,056|5,142|2,420|14,246|42,004|5,421|4,942|28,557|2,309|16,000|66,564|1,579|21,527|30,122|1,422
16.02.2022|15,362|12,456|4,146|16,901|23,168|3,380|3,274|24,365|29,022|2,747|3,236|6,851|1,503|6,721|28,536|17,231|18,516|1,790|1,051|5,119|2,410|14,241|41,759|5,419|4,928|28,537|2,313|15,934|66,263|1,575|21,425|30,014|1,415
17.02.2022|15,442|12,465|4,168|16,881|23,294|3,384|3,277|24,380|29,202|2,749|3,236|6,847|1,498|6,729|28,586|17,218|18,636|1,792|1,058|5,121|2,408|14,383|41,811|5,410|4,932|28,214|2,301|15,958|66,738|1,574|21,444|30,081|1,435
18.02.2022|15,453|12,444|4,166|16,876|23,287|3,390|3,272|24,340|29,177|2,748|3,230|6,825|1,496|6,712|28,755|17,287|18,632|1,794|1,057|5,121|2,399|14,407|41,672|5,384|4,922|28,193|2,301|15,954|66,782|1,573|21,435|30,077|1,425
21.02.2022|15,462|12,450|4,198|16,849|23,444|3,390|3,273|24,350|29,234|2,753|3,232|6,811|1,499|6,682|28,759|17,221|18,703|1,800|1,059|5,139|2,393|14,433|41,770|5,370|4,924|27,325|2,285|15,952|66,592|1,574|21,478|30,139|1,417
22.02.2022|15,569|12,526|4,251|16,963|23,502|3,413|3,293|24,500|29,274|2,768|3,251|6,884|1,504|6,699|28,897|17,351|18,764|1,810|1,064|5,160|2,425|14,543|42,084|5,391|4,953|27,268|2,311|16,047|66,671|1,560|21,596|30,305|1,428
23.02.2022|15,697|12,513|4,310|17,005|23,463|3,417|3,290|24,475|29,327|2,764|3,248|6,851|1,505|6,703|28,926|17,334|18,744|1,813|1,068|5,155|2,439|14,672|42,211|5,384|4,948|26,930|2,317|16,046|66,836|1,560|21,574|30,249|1,435
24.02.2022|16,072|12,815|4,407|17,508|24,285|3,550|3,369|25,065|30,029|2,875|3,320|6,800|1,561|6,844|29,732|17,651|19,536|1,860|1,093|5,344|2,485|15,015|43,635|5,383|5,063|26,294|2,335|16,571|68,644|1,576|22,452|31,487|1,460
25.02.2022|15,869|12,607|4,296|17,215|23,723|3,482|3,314|24,660|29,464|2,816|3,265|6,749|1,530|6,777|29,239|17,489|19,028|1,832|1,076|5,235|2,472|14,808|42,850|5,319|4,984|26,639|2,330|16,250|67,734|1,594|21,986|30,653|1,448
28.02.2022|16,126|12,779|4,327|17,528|24,176|3,538|3,359|24,995|29,925|2,857|3,304|6,762|1,554|6,888|29,569|17,627|19,333|1,855|1,091|5,317|2,514|15,036|43,544|5,338|5,051|23,228|2,357|16,446|68,377|1,618|22,325|31,126|1,446
01.03.2022|16,582|13,020|4,423|17,990|24,858|3,616|3,424|25,465|30,588|2,920|3,365|6,707|1,592|7,045|30,149|17,933|19,881|1,898|1,114|5,443|2,583|15,454|44,466|5,304|5,145|22,877|2,382|16,813|69,842|1,639|22,824|31,837|1,479