Date|1 AUD|1 BGN|1 BRL|1 CAD|1 CHF|1 CNY|1 DKK|1 EUR|1 GBP|1 HKD|100 HUF|1000 IDR|1 ILS|100 INR|100 ISK|100 JPY|100 KRW|1 MXN|1 MYR|1 NOK|1 NZD|100 PHP|1 PLN|1 RON|1 SEK|1 SGD|100 THB|100 TRY|1 USD|1 XDR|1 ZAR
02.01.2025|15.145|12.872|3.924|16.912|26.863|3.342|3.375|25.175|30.271|3.137|6.097|1.507|6.684|28.448|17.495|15.539|1.662|1.175|5.448|2.149|13.676|42.131|5.888|5.060|2.204|17.864|71.194|69.079|24.398|31.818|1.307
03.01.2025|15.195|12.861|3.967|16.949|26.870|3.338|3.372|25.155|30.310|3.140|6.064|1.509|6.685|28.479|17.457|15.545|1.661|1.186|5.428|2.147|13.697|42.045|5.889|5.056|2.199|17.824|70.902|69.067|24.427|31.752|1.303
06.01.2025|15.195|12.864|3.954|16.868|26.781|3.299|3.373|25.160|30.267|3.105|6.064|1.490|6.641|28.185|17.388|15.419|1.657|1.187|5.351|2.148|13.706|41.677|5.918|5.058|2.195|17.761|70.203|68.329|24.137|31.342|1.306
07.01.2025|15.189|12.851|3.983|16.899|26.661|3.300|3.370|25.135|30.308|3.109|6.048|1.499|6.666|28.200|17.275|15.341|1.667|1.189|5.387|2.142|13.726|41.616|5.902|5.053|2.192|17.762|70.132|68.386|24.176|31.393|1.301
08.01.2025|15.135|12.852|3.983|16.972|26.791|3.332|3.369|25.135|30.144|3.140|6.044|1.508|6.652|28.441|17.323|15.425|1.671|1.195|5.426|2.141|13.672|41.735|5.880|5.053|2.182|17.828|70.394|69.043|24.429|31.853|1.293
09.01.2025|15.103|12.841|3.987|16.935|26.734|3.323|3.366|25.115|29.979|3.131|6.066|1.504|6.661|28.382|17.333|15.447|1.670|1.191|5.412|2.135|13.638|41.657|5.881|5.050|2.185|17.806|70.448|68.947|24.368|31.617|1.292
10.01.2025|15.062|12.828|4.003|16.892|26.651|3.320|3.363|25.090|29.977|3.127|6.066|1.504|6.613|28.303|17.268|15.406|1.660|1.186|5.414|2.134|13.597|41.637|5.881|5.044|2.181|17.801|70.450|68.747|24.343|31.584|1.279
13.01.2025|15.211|12.900|4.058|17.159|26.995|3.374|3.382|25.230|29.982|3.177|6.095|1.520|6.737|28.532|17.460|15.742|1.685|1.189|5.485|2.155|13.739|42.145|5.905|5.073|2.193|18.002|71.107|69.678|24.735|32.090|1.293
14.01.2025|15.233|12.933|4.056|17.149|26.915|3.365|3.390|25.295|30.012|3.169|6.140|1.517|6.798|28.499|17.457|15.637|1.689|1.197|5.477|2.158|13.800|41.995|5.926|5.085|2.197|18.013|70.967|69.559|24.672|31.878|1.302
15.01.2025|15.176|12.892|4.039|17.059|26.843|3.340|3.380|25.215|29.923|3.145|6.140|1.500|6.753|28.336|17.426|15.592|1.678|1.196|5.443|2.154|13.719|41.790|5.917|5.068|2.193|17.899|70.521|68.998|24.487|31.710|1.298
16.01.2025|15.222|12.900|4.071|17.075|26.906|3.350|3.382|25.230|29.951|3.153|6.119|1.501|6.777|28.363|17.364|15.726|1.683|1.192|5.454|2.157|13.722|41.927|5.910|5.071|2.197|17.943|70.916|69.281|24.558|31.870|1.301
17.01.2025|15.183|12.920|4.039|17.008|26.912|3.349|3.387|25.270|29.912|3.152|6.121|1.500|6.837|28.334|17.416|15.776|1.683|1.179|5.447|2.148|13.708|41.888|5.934|5.078|2.197|17.946|71.195|69.003|24.542|31.844|1.307
20.01.2025|15.161|12.886|4.021|16.890|26.722|3.341|3.378|25.205|29.795|3.138|6.101|1.493|6.813|28.228|17.323|15.617|1.683|1.171|5.437|2.142|13.695|41.766|5.922|5.064|2.193|17.904|71.310|68.640|24.427|31.703|1.303
21.01.2025|15.126|12.872|4.018|16.825|26.709|3.337|3.374|25.175|29.768|3.121|6.120|1.488|6.786|28.063|17.255|15.611|1.686|1.171|5.430|2.130|13.676|41.518|5.920|5.058|2.194|17.881|71.339|68.208|24.301|31.540|1.306
22.01.2025|15.144|12.856|4.008|16.793|26.612|3.313|3.370|25.145|29.771|3.092|6.118|1.478|6.805|27.872|17.164|15.448|1.680|1.171|5.427|2.139|13.675|41.230|5.945|5.053|2.192|17.801|71.142|67.526|24.075|31.326|1.303
23.01.2025|15.149|12.852|4.061|16.781|26.613|3.317|3.370|25.140|29.766|3.103|6.134|1.485|6.773|27.965|17.231|15.464|1.682|1.181|5.440|2.144|13.678|41.188|5.969|5.052|2.192|17.819|71.020|67.795|24.174|31.579|1.301
24.01.2025|15.118|12.829|4.062|16.717|26.432|3.306|3.363|25.095|29.730|3.076|6.137|1.481|6.675|27.771|17.153|15.313|1.671|1.186|5.473|2.136|13.667|41.033|5.956|5.043|2.191|17.759|71.146|67.126|23.958|31.223|1.304
27.01.2025|15.032|12.836|4.033|16.636|26.558|3.291|3.364|25.105|29.855|3.064|6.140|1.475|6.601|27.645|17.160|15.469|1.666|1.163|5.449|2.126|13.595|40.915|5.950|5.046|2.184|17.766|70.930|66.770|23.860|31.212|1.278
28.01.2025|15.023|12.828|4.075|16.707|26.571|3.319|3.362|25.090|29.913|3.089|6.150|1.488|6.651|27.809|17.173|15.489|1.665|1.166|5.479|2.130|13.603|41.185|5.963|5.043|2.186|17.806|71.043|67.297|24.068|31.557|1.287
29.01.2025|15.038|12.844|4.136|16.736|26.640|3.334|3.366|25.120|30.000|3.103|6.155|1.495|6.716|27.924|17.241|15.558|1.670|1.180|5.503|2.133|13.637|41.394|5.962|5.049|2.193|17.879|71.553|67.571|24.175|31.571|1.295
30.01.2025|15.032|12.844|4.087|16.743|26.602|3.329|3.367|25.120|30.022|3.098|6.167|1.485|6.739|27.872|17.194|15.666|1.674|1.176|5.495|2.134|13.639|41.366|5.972|5.048|2.189|17.875|71.642|67.463|24.140|31.507|1.303
31.01.2025|15.067|12.868|4.145|16.738|26.626|3.339|3.373|25.170|30.095|3.107|6.168|1.485|6.765|27.961|17.157|15.635|1.670|1.171|5.435|2.145|13.684|41.478|5.974|5.057|2.194|17.859|72.046|67.529|24.214|31.607|1.299
03.02.2025|15.147|12.907|4.190|16.766|26.867|3.387|3.383|25.245|30.370|3.151|6.181|1.494|6.821|28.206|17.291|15.886|1.678|1.175|5.488|2.155|13.707|41.934|5.975|5.072|2.199|18.002|72.318|68.242|24.557|32.019|1.305
04.02.2025|15.131|12.869|4.183|16.893|26.789|3.358|3.374|25.170|30.241|3.127|6.183|1.490|6.811|27.961|17.146|15.682|1.673|1.190|5.479|2.147|13.659|41.795|5.967|5.057|2.204|17.957|72.024|67.730|24.349|31.597|1.297
05.02.2025|15.157|12.857|4.166|16.898|26.750|3.318|3.369|25.135|30.242|3.098|6.191|1.482|6.794|27.613|17.099|15.782|1.668|1.171|5.456|2.153|13.716|41.616|5.984|5.051|2.212|17.886|71.894|67.181|24.129|31.404|1.299
06.02.2025|15.195|12.851|4.179|16.911|26.791|3.328|3.369|25.135|30.029|3.116|6.187|1.486|6.815|27.688|17.145|15.919|1.672|1.176|5.470|2.156|13.726|41.748|5.975|5.051|2.220|17.923|71.736|67.587|24.259|31.726|1.304
07.02.2025|15.193|12.836|4.192|16.879|26.653|3.320|3.365|25.105|30.119|3.106|6.190|1.487|6.807|27.644|17.125|15.915|1.672|1.179|5.449|2.159|13.728|41.708|5.979|5.044|2.224|17.907|71.878|67.243|24.193|31.560|1.313
10.02.2025|15.241|12.816|4.206|16.932|26.673|3.324|3.361|25.065|30.093|3.117|6.209|1.486|6.810|27.760|17.098|15.978|1.674|1.180|5.432|2.165|13.729|41.756|6.003|5.036|2.223|17.937|71.640|67.456|24.282|31.713|1.320
11.02.2025|15.277|12.837|4.190|16.980|26.632|3.329|3.366|25.105|30.134|3.121|6.216|1.485|6.772|28.038|17.125|15.965|1.673|1.179|5.441|2.169|13.736|41.814|6.009|5.045|2.231|17.941|71.303|67.466|24.323|31.693|1.315
12.02.2025|15.180|12.821|4.194|16.902|26.515|3.309|3.362|25.075|30.089|3.105|6.225|1.478|6.728|27.830|17.128|15.750|1.665|1.177|5.407|2.150|13.640|41.593|6.009|5.038|2.220|17.871|70.876|66.992|24.181|31.500|1.310
13.02.2025|15.103|12.810|4.165|16.883|26.569|3.305|3.359|25.055|30.070|3.096|6.235|1.474|6.747|27.719|17.067|15.677|1.662|1.168|5.412|2.139|13.583|41.529|6.011|5.034|2.222|17.852|71.141|66.780|24.111|31.455|1.302
14.02.2025|15.167|12.808|4.165|16.863|26.531|3.290|3.358|25.050|30.106|3.071|6.220|1.470|6.709|27.585|17.006|15.645|1.660|1.176|5.390|2.151|13.649|41.412|6.018|5.033|2.228|17.828|71.061|66.019|23.906|31.217|1.302
17.02.2025|15.233|12.813|4.196|16.863|26.553|3.295|3.359|25.060|30.144|3.076|6.237|1.476|6.732|27.550|17.059|15.798|1.658|1.174|5.397|2.151|13.723|41.251|6.023|5.035|2.235|17.841|70.943|66.040|23.930|31.360|1.298
18.02.2025|15.234|12.831|4.210|16.899|26.623|3.299|3.365|25.095|30.237|3.088|6.247|1.476|6.750|27.618|17.106|15.827|1.665|1.184|5.402|2.152|13.676|41.225|6.023|5.042|2.239|17.873|71.233|66.267|24.016|31.471|1.303
19.02.2025|15.286|12.836|4.202|16.940|26.610|3.304|3.365|25.100|30.305|3.094|6.243|1.473|6.794|27.702|17.157|15.850|1.669|1.184|5.418|2.158|13.751|41.400|6.015|5.042|2.238|17.922|71.399|66.297|24.065|31.542|1.297
20.02.2025|15.311|12.821|4.212|16.897|26.607|3.309|3.362|25.075|30.276|3.087|6.236|1.470|6.778|27.723|17.210|16.014|1.671|1.179|5.419|2.159|13.758|41.464|6.027|5.037|2.245|17.954|71.439|66.113|24.008|31.423|1.303
21.02.2025|15.299|12.826|4.196|16.886|26.635|3.304|3.363|25.085|30.307|3.085|6.201|1.470|6.741|27.673|17.217|15.934|1.672|1.179|5.425|2.157|13.791|41.369|6.018|5.039|2.250|17.925|71.303|65.839|23.972|31.431|1.304
24.02.2025|15.246|12.814|4.183|16.836|26.615|3.302|3.359|25.060|30.245|3.079|6.241|1.471|6.709|27.601|17.271|15.976|1.676|1.172|5.427|2.154|13.756|41.348|6.048|5.035|2.247|17.894|71.451|65.758|23.934|31.421|1.305
25.02.2025|15.074|12.751|4.099|16.655|26.573|3.273|3.343|24.940|30.078|3.056|6.218|1.454|6.639|27.253|17.117|15.862|1.657|1.160|5.372|2.138|13.598|40.999|6.025|5.011|2.238|17.753|70.484|65.160|23.758|31.197|1.293
26.02.2025|15.009|12.754|4.135|16.568|26.557|3.277|3.345|24.945|30.097|3.060|6.233|1.453|6.661|27.309|17.168|15.917|1.659|1.162|5.370|2.134|13.544|41.069|6.020|5.011|2.239|17.770|70.476|65.271|23.784|31.245|1.294
27.02.2025|15.016|12.774|4.105|16.605|26.565|3.282|3.350|24.985|30.232|3.068|6.257|1.450|6.721|27.365|17.172|15.951|1.653|1.169|5.366|2.136|13.557|41.213|6.047|5.021|2.239|17.784|70.341|65.464|23.849|31.333|1.295
28.02.2025|14.947|12.795|4.126|16.664|26.636|3.302|3.355|25.025|30.299|3.090|6.265|1.450|6.683|27.505|17.176|15.951|1.646|1.178|5.386|2.135|13.470|41.459|6.029|5.028|2.237|17.828|70.345|65.816|24.034|31.560|1.303
03.03.2025|14.936|12.772|4.076|16.625|26.632|3.291|3.365|25.100|30.408|3.084|6.268|1.455|6.673|27.480|17.227|15.860|1.644|1.171|5.371|2.146|13.449|41.534|6.019|5.042|2.251|17.796|70.351|65.810|23.986|31.397|1.287
04.03.2025|14.798|12.805|4.033|16.453|26.715|3.271|3.358|25.045|30.241|3.053|6.277|1.443|6.563|27.232|17.119|15.997|1.630|1.141|5.313|2.120|13.376|41.210|6.019|5.032|2.255|17.699|70.372|65.108|23.733|31.112|1.280
05.03.2025|14.715|12.814|3.983|16.277|26.341|3.227|3.363|25.085|30.020|3.016|6.290|1.437|6.464|26.928|17.123|15.662|1.616|1.140|5.292|2.124|13.310|40.833|6.037|5.041|2.278|17.526|69.661|64.322|23.440|30.878|1.269
06.03.2025|14.702|12.805|4.031|16.142|26.169|3.199|3.358|25.045|29.872|2.982|6.252|1.420|6.414|26.623|17.049|15.719|1.601|1.137|5.236|2.136|13.312|40.416|6.001|5.033|2.283|17.401|68.788|63.650|23.183|30.658|1.268
07.03.2025|14.496|12.786|3.994|16.074|26.160|3.184|3.352|25.005|29.748|2.965|6.264|1.414|6.358|26.483|16.976|15.595|1.592|1.135|5.218|2.126|13.158|40.260|5.983|5.025|2.279|17.314|68.487|63.191|23.038|30.609|1.267
10.03.2025|14.545|12.754|3.967|15.954|26.224|3.169|3.345|24.945|29.763|2.960|6.250|1.407|6.328|26.333|16.981|15.647|1.580|1.139|5.198|2.137|13.195|40.065|5.950|5.012|2.275|17.283|68.083|62.898|22.992|30.607|1.261
11.03.2025|14.387|12.764|3.921|15.870|25.988|3.163|3.347|24.965|29.578|2.944|6.212|1.394|6.269|26.236|16.995|15.454|1.573|1.124|5.183|2.144|13.050|39.925|5.944|5.015|2.272|17.175|67.713|62.515|22.874|30.448|1.253
12.03.2025|14.455|12.787|3.934|15.930|25.995|3.170|3.353|25.010|29.727|2.955|6.258|1.396|6.313|26.330|17.072|15.411|1.581|1.135|5.182|2.153|13.117|40.038|5.960|5.025|2.278|17.206|67.816|62.713|22.959|30.611|1.246
13.03.2025|14.539|12.831|3.979|16.109|26.208|3.199|3.364|25.095|29.960|2.983|6.268|1.412|6.336|26.631|17.177|15.630|1.591|1.150|5.224|2.164|13.177|40.344|5.978|5.042|2.266|17.335|68.478|63.333|23.185|30.891|1.258
14.03.2025|14.510|12.790|3.986|15.941|25.940|3.173|3.353|25.015|29.709|2.954|6.263|1.404|6.248|26.418|17.145|15.445|1.580|1.149|5.164|2.152|13.175|40.091|5.998|5.026|2.262|17.202|68.217|62.609|22.963|30.565|1.265
17.03.2025|14.588|12.802|4.018|16.022|26.047|3.176|3.356|25.040|29.802|2.956|6.271|1.401|6.298|26.466|17.139|15.430|1.586|1.154|5.167|2.172|13.304|40.081|5.983|5.030|2.272|17.243|68.315|62.644|22.968|30.605|1.266
18.03.2025|14.602|12.800|4.033|16.053|26.085|3.174|3.356|25.035|29.734|2.952|6.301|1.396|6.279|26.493|17.159|15.311|1.578|1.142|5.160|2.171|13.336|40.042|5.994|5.030|2.275|17.221|68.318|62.570|22.935|30.577|1.270
19.03.2025|14.524|12.782|4.038|16.019|26.086|3.173|3.352|25.000|29.731|2.952|6.277|1.388|6.248|26.576|17.182|15.310|1.572|1.151|5.171|2.173|13.274|40.107|5.969|5.023|2.273|17.205|68.199|60.394|22.939|30.577|1.266
20.03.2025|14.507|12.788|4.081|16.041|26.144|3.186|3.353|25.010|29.891|2.970|6.258|1.401|6.278|26.729|17.332|15.534|1.571|1.141|5.215|2.174|13.236|40.305|5.953|5.025|2.267|17.273|68.277|60.742|23.082|30.759|1.269
21.03.2025|14.481|12.773|4.032|16.057|26.166|3.182|3.349|24.980|29.815|2.967|6.261|1.398|6.211|26.808|17.311|15.507|1.575|1.138|5.216|2.190|13.268|40.269|5.950|5.019|2.283|17.279|68.130|60.681|23.061|30.690|1.268
24.03.2025|14.500|12.762|4.006|16.085|26.161|3.180|3.346|24.960|29.832|2.967|6.271|1.393|6.241|26.958|17.249|15.402|1.572|1.144|5.203|2.194|13.206|40.222|5.977|5.016|2.276|17.242|68.093|60.705|23.068|30.690|1.273
25.03.2025|14.537|12.724|4.009|16.098|26.094|3.168|3.336|24.885|29.784|2.957|6.249|1.385|6.278|26.829|17.269|15.335|1.568|1.149|5.182|2.200|13.215|39.960|5.977|5.001|2.304|17.213|67.941|60.556|22.988|30.551|1.265
26.03.2025|14.602|12.745|4.040|16.206|26.159|3.182|3.342|24.930|29.828|2.973|6.221|1.394|6.301|26.995|17.397|15.376|1.578|1.152|5.219|2.194|13.300|40.063|5.967|5.010|2.302|17.271|68.020|60.817|23.117|30.701|1.266
27.03.2025|14.605|12.774|4.019|16.195|26.235|3.189|3.349|24.985|29.980|2.980|6.234|1.399|6.308|27.024|17.558|15.361|1.581|1.140|5.228|2.203|13.299|40.372|5.953|5.019|2.308|17.289|68.390|60.957|23.170|30.734|1.267
28.03.2025|14.583|12.760|4.006|16.170|26.199|3.183|3.344|24.955|29.950|2.973|6.190|1.397|6.267|27.040|17.512|15.338|1.575|1.136|5.212|2.209|13.247|40.306|5.972|5.013|2.307|17.236|68.066|60.845|23.127|30.669|1.273
31.03.2025|14.411|12.764|3.997|16.070|26.185|3.182|3.346|24.965|29.890|2.967|6.208|1.394|6.194|27.013|17.495|15.445|1.565|1.132|5.201|2.188|13.111|40.306|5.968|5.016|2.301|17.191|68.018|60.823|23.079|30.595|1.256
01.04.2025|14.477|12.766|4.055|16.081|26.234|3.184|3.346|24.970|29.852|2.975|6.202|1.398|6.247|27.031|17.376|15.508|1.572|1.129|5.216|2.207|13.148|40.402|5.966|5.016|2.310|17.231|67.784|61.023|23.146|30.754|1.262
02.04.2025|14.562|12.762|4.076|16.127|26.147|3.179|3.345|24.955|29.910|2.969|6.223|1.395|6.244|27.025|17.366|15.477|1.580|1.135|5.188|2.212|13.264|40.389|5.972|5.014|2.315|17.208|67.616|60.946|23.106|30.668|1.241
03.04.2025|14.326|12.775|4.017|15.985|26.200|3.088|3.347|24.975|29.687|2.897|6.219|1.361|6.111|26.417|17.260|15.409|1.547|1.125|5.073|2.186|13.124|39.507|5.950|5.017|2.327|16.889|65.693|59.401|22.535|29.910|1.193
04.04.2025|13.890|12.857|3.962|16.033|26.746|3.126|3.370|25.145|29.609|2.929|6.197|1.375|6.101|26.648|17.377|15.662|1.571|1.115|5.130|2.151|12.815|39.757|5.897|5.052|2.292|16.996|66.550|59.950|22.762|30.494|1.191
07.04.2025|13.876|12.883|3.909|16.109|26.890|3.147|3.376|25.195|29.466|2.961|6.178|1.389|6.072|26.815|17.364|15.701|1.570|1.111|5.134|2.110|12.835|40.073|5.869|5.062|2.278|17.077|66.574|60.512|23.002|30.803|1.186
08.04.2025|13.899|12.849|3.909|16.191|26.893|3.127|3.367|25.130|29.336|2.954|6.175|1.361|6.107|26.627|17.319|15.640|1.554|1.117|5.110|2.102|12.864|40.042|5.887|5.049|2.289|17.017|66.089|60.374|22.948|30.603|1.186
09.04.2025|13.684|12.868|3.760|16.056|27.132|3.099|3.370|25.170|29.107|2.937|6.155|1.351|5.979|26.286|17.347|15.771|1.542|1.087|5.066|2.076|12.664|39.646|5.863|5.056|2.274|16.905|65.995|59.922|22.776|30.308|1.154
10.04.2025|14.019|12.836|3.870|16.080|26.990|3.092|3.363|25.105|29.250|2.917|6.172|1.347|5.992|26.267|17.350|15.556|1.556|1.108|5.066|2.094|12.915|39.458|5.899|5.043|2.279|16.945|66.430|59.725|22.635|30.237|1.165
11.04.2025|13.822|12.865|3.800|15.990|27.194|3.036|3.369|25.160|29.052|2.858|6.157|1.320|5.957|25.741|17.316|15.533|1.547|1.088|5.011|2.080|12.855|38.837|5.855|5.054|2.265|16.780|66.069|58.230|22.162|29.680|1.151
14.04.2025|13.924|12.834|3.781|15.904|26.904|3.019|3.361|25.100|29.067|2.846|6.119|1.316|5.989|25.668|17.346|15.402|1.552|1.093|4.999|2.089|12.924|38.711|5.856|5.042|2.281|16.770|65.731|58.000|22.072|29.845|1.165
15.04.2025|14.081|12.818|3.786|15.941|27.128|3.024|3.358|25.070|29.284|2.851|6.147|1.315|5.993|25.796|17.230|15.483|1.550|1.104|5.012|2.093|13.113|39.010|5.849|5.036|2.265|16.800|65.873|58.117|22.114|29.960|1.170
16.04.2025|14.034|12.787|3.750|15.818|27.029|3.016|3.349|25.010|29.223|2.839|6.130|1.309|5.978|25.722|17.213|15.450|1.554|1.101|4.995|2.072|13.021|38.835|5.825|5.024|2.241|16.760|66.332|57.787|22.030|29.818|1.168
17.04.2025|14.015|12.786|3.744|15.856|26.934|3.018|3.349|25.010|29.138|2.837|6.136|1.309|5.974|25.792|17.236|15.447|1.555|1.105|4.997|2.089|13.088|38.856|5.853|5.025|2.265|16.784|66.187|57.936|22.024|29.836|1.169
22.04.2025|13.975|12.825|3.769|15.777|26.924|2.988|3.359|25.080|29.202|2.816|6.125|1.296|5.875|25.645|17.308|15.569|1.534|1.110|4.975|2.109|13.100|38.595|5.860|5.038|2.297|16.704|65.763|57.106|21.849|29.808|1.173
23.04.2025|14.047|12.785|3.849|15.843|26.654|3.007|3.349|25.005|29.147|2.825|6.113|1.299|5.979|25.667|17.257|15.467|1.541|1.120|4.991|2.104|13.125|38.750|5.827|5.024|2.285|16.720|65.698|57.238|21.916|29.844|1.178
24.04.2025|14.016|12.768|3.865|15.844|26.589|3.013|3.345|24.970|29.218|2.831|6.130|1.302|6.024|25.734|17.233|15.404|1.531|1.121|5.023|2.111|13.130|38.908|5.842|5.017|2.287|16.739|65.677|57.330|21.964|29.813|1.174
25.04.2025|14.008|12.746|3.863|15.825|26.467|3.012|3.339|24.930|29.233|2.830|6.135|1.304|6.068|25.698|17.205|15.315|1.525|1.118|5.018|2.105|13.081|39.004|5.842|5.008|2.267|16.699|65.407|57.137|21.950|29.770|1.167
28.04.2025|14.063|12.764|3.861|15.855|26.510|3.011|3.345|24.965|29.322|2.833|6.168|1.304|6.052|25.845|17.158|15.334|1.522|1.126|5.037|2.107|13.079|38.994|5.837|5.015|2.271|16.730|65.467|57.162|21.975|29.776|1.179
29.04.2025|14.038|12.742|3.876|15.831|26.538|3.012|3.339|24.920|29.328|2.824|6.167|1.307|6.050|25.732|17.057|15.358|1.527|1.118|5.063|2.112|13.046|39.051|5.835|5.006|2.273|16.732|65.512|56.997|21.909|29.677|1.181
30.04.2025|14.001|12.747|3.904|15.843|26.559|3.015|3.340|24.930|29.266|2.824|6.168|1.320|6.033|25.910|17.087|15.329|1.540|1.121|5.076|2.112|12.966|39.210|5.834|5.007|2.272|16.772|65.535|56.938|21.905|29.727|1.179
02.05.2025|14.144|12.742|3.883|15.904|26.675|3.023|3.340|24.920|29.216|2.836|6.166|1.337|6.097|26.072|17.033|15.204|1.572|1.118|5.158|2.120|13.062|39.571|5.829|5.006|2.278|16.967|66.535|56.994|21.981|29.763|1.196
05.05.2025|14.236|12.734|3.895|15.906|26.674|3.020|3.338|24.905|29.243|2.833|6.158|1.336|6.072|26.046|16.977|15.263|1.599|1.121|5.227|2.113|13.141|39.451|5.828|5.002|2.279|17.034|66.731|56.904|21.955|29.728|1.200
06.05.2025|14.239|12.760|3.860|15.958|26.711|3.053|3.345|24.960|29.469|2.843|6.163|1.339|6.091|26.108|17.014|15.427|1.595|1.117|5.205|2.133|13.184|39.580|5.841|4.905|2.294|17.090|67.493|57.070|22.031|29.875|1.206
07.05.2025|14.203|12.747|3.844|15.905|26.652|3.037|3.341|24.930|29.291|2.828|6.172|1.327|6.116|25.894|17.040|15.306|1.578|1.117|5.176|2.135|13.134|39.633|5.827|4.879|2.286|16.991|67.095|56.780|21.942|29.750|1.200
09.05.2025|14.195|12.754|3.913|15.930|26.670|3.061|3.344|24.945|29.425|2.850|6.158|1.342|6.248|25.959|16.981|15.267|1.583|1.135|5.158|2.137|13.067|39.956|5.885|4.873|2.285|17.081|67.151|57.195|22.162|29.967|1.216
12.05.2025|14.373|12.772|3.949|16.080|26.686|3.123|3.349|24.980|29.640|2.887|6.150|1.362|6.344|26.507|17.051|15.180|1.585|1.150|5.235|2.155|13.217|40.365|5.883|4.895|2.296|17.212|67.205|58.018|22.495|30.372|1.227
13.05.2025|14.392|12.755|3.965|16.039|26.660|3.118|3.344|24.945|29.675|2.880|6.159|1.359|6.272|26.310|17.004|15.151|1.576|1.146|5.194|2.156|13.234|40.215|5.867|4.888|2.304|17.206|67.506|57.898|22.451|30.127|1.219
14.05.2025|14.371|12.744|3.966|15.945|26.542|3.086|3.342|24.925|29.613|2.848|6.170|1.343|6.262|26.032|17.178|15.198|1.589|1.148|5.182|2.154|13.211|39.797|5.877|4.882|2.298|17.117|66.756|57.374|22.231|29.868|1.216
15.05.2025|14.281|12.745|3.960|15.932|26.599|3.090|3.341|24.925|29.589|2.854|6.179|1.349|6.292|26.061|17.225|15.266|1.594|1.152|5.202|2.140|13.095|39.913|5.876|4.882|2.287|17.155|66.869|57.580|22.279|30.093|1.233
16.05.2025|14.280|12.746|3.913|15.941|26.581|3.091|3.342|24.930|29.587|2.850|6.184|1.355|6.267|26.020|17.087|15.291|1.594|1.142|5.185|2.143|13.128|39.980|5.855|4.884|2.280|17.147|66.716|57.357|22.274|30.046|1.231
19.05.2025|14.249|12.733|3.898|15.853|26.520|3.065|3.338|24.905|29.574|2.827|6.190|1.346|6.219|25.875|17.070|15.254|1.590|1.137|5.152|2.148|13.068|39.692|5.834|4.940|2.284|17.079|66.849|56.913|22.108|29.830|1.225
20.05.2025|14.205|12.769|3.927|15.892|26.601|3.072|3.341|24.920|29.603|2.834|6.188|1.351|6.275|25.914|17.080|15.329|1.590|1.150|5.158|2.149|13.086|39.770|5.866|4.911|2.289|17.108|67.065|57.080|22.175|30.012|1.233
21.05.2025|14.163|12.716|3.879|15.825|26.593|3.050|3.334|24.870|29.458|2.805|6.187|1.340|6.180|25.672|17.199|15.283|1.598|1.138|5.145|2.166|13.048|39.481|5.863|4.905|2.292|17.031|66.991|56.584|21.967|29.696|1.229
22.05.2025|14.159|12.751|3.891|15.899|26.704|3.060|3.343|24.940|29.596|2.817|6.179|1.350|6.131|25.645|17.248|15.385|1.596|1.135|5.157|2.165|13.022|39.606|5.873|4.931|2.298|17.078|67.185|56.653|22.044|29.907|1.223
23.05.2025|14.178|12.737|3.851|15.929|26.752|3.066|3.339|24.910|29.702|2.813|6.172|1.358|6.082|25.782|17.179|15.437|1.600|1.138|5.206|2.162|13.095|39.780|5.846|4.931|2.299|17.109|67.682|56.437|22.028|29.844|1.225
26.05.2025|14.222|12.663|3.870|15.934|26.572|3.041|3.334|24.865|29.634|2.789|6.161|1.346|6.121|25.682|17.196|15.292|1.596|1.139|5.180|2.165|13.141|39.424|5.859|4.911|2.295|17.022|67.082|56.122|21.855|29.688|1.224
27.05.2025|14.134|12.733|3.872|15.924|26.539|3.048|3.339|24.905|29.719|2.798|6.160|1.348|6.196|25.680|17.271|15.217|1.596|1.140|5.174|2.164|13.055|39.494|5.864|4.921|2.289|17.034|66.887|56.275|21.933|29.795|1.225
28.05.2025|14.174|12.743|3.896|15.930|26.635|3.062|3.341|24.920|29.680|2.811|6.185|1.352|6.226|25.797|17.306|15.251|1.603|1.142|5.214|2.168|13.137|39.696|5.876|4.933|2.292|17.087|67.465|56.385|22.030|29.912|1.230
29.05.2025|14.227|12.742|3.886|15.980|26.681|3.071|3.341|24.920|29.749|2.817|6.163|1.355|6.293|25.831|17.282|15.244|1.606|1.138|5.202|2.169|13.184|39.623|5.884|4.925|2.293|17.124|67.559|56.443|22.078|29.953|1.237
30.05.2025|14.104|12.747|3.865|15.910|26.702|3.054|3.342|24.930|29.623|2.801|6.177|1.348|6.258|25.668|17.288|15.305|1.592|1.139|5.161|2.159|13.098|39.399|5.864|4.925|2.293|17.024|66.945|55.979|21.967|29.758|1.227
02.06.2025|14.149|12.736|3.835|15.927|26.684|3.032|3.339|24.910|29.540|2.782|6.185|1.343|6.173|25.556|17.251|15.285|1.585|1.132|5.127|2.165|13.130|39.214|5.851|4.927|2.295|16.964|67.053|55.692|21.825|29.610|1.216
03.06.2025|14.114|12.728|3.854|15.917|26.604|3.043|3.337|24.895|29.513|2.788|6.168|1.343|6.201|25.544|17.216|15.272|1.589|1.137|5.152|2.159|13.106|39.280|5.817|4.921|2.278|16.970|67.086|55.883|21.872|29.765|1.221
04.06.2025|14.125|12.663|3.878|15.887|26.479|3.028|3.326|24.810|29.444|2.774|6.149|1.336|6.213|25.339|17.158|15.082|1.593|1.133|5.124|2.154|13.100|39.022|5.793|4.910|2.267|16.886|66.505|55.699|21.763|29.604|1.220
05.06.2025|14.137|12.687|3.859|15.903|26.509|3.026|3.327|24.815|29.479|2.768|6.150|1.335|6.230|25.310|17.185|15.165|1.601|1.130|5.135|2.153|13.137|39.069|5.792|4.913|2.269|16.908|66.834|55.235|21.723|29.525|1.224
06.06.2025|14.069|12.654|3.890|15.845|26.377|3.021|3.318|24.750|29.379|2.765|6.136|1.333|6.208|25.307|17.164|15.035|1.596|1.135|5.128|2.147|13.070|38.910|5.773|4.906|2.257|16.858|66.484|55.294|21.695|29.553|1.221
09.06.2025|14.159|12.678|3.908|15.882|26.472|3.027|3.324|24.795|29.437|2.769|6.173|1.335|6.236|25.369|17.219|15.039|1.601|1.140|5.137|2.155|13.140|38.916|5.807|4.919|2.260|16.897|66.442|55.396|21.732|29.579|1.225
10.06.2025|14.137|12.670|3.899|15.838|26.392|3.018|3.322|24.780|29.275|2.763|6.181|1.333|6.198|25.333|17.232|14.998|1.587|1.138|5.119|2.153|13.121|38.832|5.823|4.921|2.263|16.863|66.438|55.277|21.684|29.512|1.226
11.06.2025|14.091|12.669|3.892|15.831|26.353|3.015|3.322|24.780|29.242|2.761|6.190|1.333|6.188|25.335|17.256|14.912|1.575|1.140|5.113|2.143|13.054|38.763|5.821|4.928|2.255|16.840|66.321|55.355|21.667|29.475|1.220
12.06.2025|13.929|12.674|3.863|15.683|26.297|2.980|3.323|24.790|29.033|2.724|6.185|1.317|6.003|24.991|17.215|14.874|1.580|1.131|5.064|2.143|12.939|38.369|5.807|4.930|2.268|16.716|65.968|54.358|21.377|29.083|1.199
13.06.2025|13.970|12.699|3.875|15.830|26.540|3.003|3.330|24.840|29.198|2.748|6.155|1.324|5.995|25.054|17.226|14.968|1.574|1.134|5.081|2.170|12.956|38.377|5.810|4.935|2.265|16.806|66.487|54.697|21.570|29.516|1.197
16.06.2025|13.976|12.671|3.880|15.789|26.390|2.983|3.323|24.785|29.082|2.728|6.172|1.317|6.079|24.899|17.236|14.848|1.575|1.133|5.051|2.161|12.969|38.010|5.812|4.932|2.262|16.732|65.961|54.364|21.417|29.208|1.205
17.06.2025|14.020|12.682|3.903|15.805|26.367|2.984|3.326|24.805|29.093|2.731|6.158|1.317|6.123|24.854|17.274|14.820|1.570|1.133|5.049|2.173|13.027|38.065|5.803|4.933|2.266|16.736|65.918|54.432|21.435|29.304|1.203
18.06.2025|14.012|12.681|3.930|15.786|26.381|2.998|3.326|24.805|29.005|2.745|6.149|1.322|6.157|24.933|17.274|14.879|1.566|1.137|5.070|2.167|12.990|37.646|5.804|4.931|2.250|16.773|66.091|54.602|21.548|29.439|1.192
19.06.2025|13.994|12.690|3.940|15.780|26.441|3.010|3.327|24.820|29.064|2.756|6.155|1.320|6.219|24.943|17.357|14.851|1.568|1.134|5.079|2.153|12.938|37.704|5.804|4.934|2.243|16.792|65.989|54.688|21.635|29.471|1.195
20.06.2025|13.987|12.693|3.934|15.721|26.369|3.004|3.328|24.825|29.085|2.746|6.166|1.316|6.203|24.885|17.360|14.802|1.577|1.133|5.069|2.141|12.915|37.681|5.822|4.937|2.231|16.775|65.740|54.328|21.555|29.362|1.198
23.06.2025|13.847|12.713|3.925|15.718|26.471|3.016|3.333|24.865|29.021|2.761|6.150|1.315|6.239|24.970|17.388|14.692|1.562|1.127|5.046|2.133|12.783|37.620|5.815|4.928|2.229|16.769|65.749|54.557|21.675|29.556|1.197
24.06.2025|13.902|12.679|3.892|15.580|26.418|2.979|3.324|24.795|29.073|2.722|6.168|1.307|6.285|24.822|17.437|14.734|1.572|1.122|5.034|2.116|12.885|37.412|5.830|4.912|2.241|16.693|65.377|53.932|21.366|29.028|1.205
25.06.2025|13.872|12.670|3.859|15.552|26.475|2.977|3.322|24.780|29.055|2.721|6.177|1.311|6.272|24.811|17.426|14.653|1.568|1.124|5.039|2.103|12.852|37.650|5.834|4.900|2.241|16.678|65.449|53.814|21.358|29.210|1.201
26.06.2025|13.840|12.669|3.815|15.473|26.423|2.954|3.322|24.780|29.031|2.699|6.197|1.307|6.247|24.706|17.426|14.674|1.561|1.122|5.009|2.098|12.819|37.429|5.835|4.886|2.235|16.610|65.177|53.267|21.183|28.967|1.192
27.06.2025|13.807|12.651|3.855|15.475|26.440|2.945|3.316|24.745|28.999|2.691|6.205|1.303|6.248|24.708|17.426|14.611|1.553|1.120|4.994|2.098|12.803|37.345|5.841|4.870|2.225|16.558|64.750|52.957|21.122|29.015|1.186
30.06.2025|13.793|12.655|3.842|15.451|26.490|2.949|3.317|24.750|28.934|2.691|6.191|1.301|6.266|24.620|17.405|14.633|1.559|1.120|5.016|2.091|12.804|37.442|5.835|4.874|2.221|16.568|64.955|53.117|21.127|29.015|1.188
01.07.2025|13.760|12.624|3.856|15.359|26.485|2.919|3.309|24.690|28.745|2.663|6.185|1.291|6.199|24.434|17.363|14.634|1.544|1.118|4.980|2.085|12.770|37.111|5.817|4.866|2.213|16.446|64.525|52.504|20.904|28.722|1.188
02.07.2025|13.741|12.590|3.829|15.362|26.385|2.923|3.306|24.665|28.620|2.669|6.181|1.290|6.208|24.458|17.248|14.531|1.541|1.118|4.955|2.077|12.704|37.173|5.804|4.870|2.202|16.442|64.588|52.653|20.954|28.891|1.187
03.07.2025|13.744|12.601|3.854|15.391|26.358|2.921|3.303|24.645|28.565|2.665|6.168|1.292|6.234|24.503|17.307|14.533|1.536|1.113|4.953|2.075|12.686|37.133|5.801|4.870|2.190|16.425|64.590|52.485|20.917|28.774|1.193
04.07.2025|13.736|12.606|3.866|15.416|26.380|2.926|3.304|24.655|28.593|2.670|6.186|1.295|6.254|24.535|17.314|14.512|1.538|1.124|4.965|2.081|12.700|37.118|5.805|4.874|2.191|16.446|64.799|52.595|20.955|28.845|1.189
07.07.2025|13.653|12.590|3.858|15.381|26.321|2.927|3.301|24.625|28.595|2.675|6.159|1.294|6.291|24.433|17.293|14.425|1.534|1.120|4.958|2.073|12.602|37.068|5.794|4.861|2.206|16.420|64.482|52.495|20.998|28.904|1.183
08.07.2025|13.747|12.604|3.856|15.400|26.360|2.932|3.304|24.650|28.561|2.680|6.169|1.298|6.270|24.556|17.286|14.349|1.534|1.128|4.960|2.084|12.638|37.235|5.808|4.863|2.207|16.442|64.643|52.563|21.037|28.866|1.183
09.07.2025|13.725|12.593|3.851|15.360|26.416|2.931|3.301|24.630|28.590|2.681|6.155|1.296|6.319|24.554|17.155|14.348|1.529|1.132|4.951|2.082|12.595|37.205|5.809|4.850|2.206|16.427|64.325|52.551|21.046|28.862|1.179
10.07.2025|13.787|12.597|3.750|15.369|26.435|2.932|3.302|24.635|28.552|2.679|6.176|1.297|6.351|24.527|17.227|14.380|1.532|1.128|4.952|2.087|12.648|37.216|5.801|4.851|2.208|16.433|64.515|52.494|21.033|28.819|1.184
11.07.2025|13.873|12.612|3.794|15.410|26.499|2.945|3.306|24.665|28.509|2.689|6.167|1.302|6.333|24.593|17.297|14.354|1.535|1.127|4.964|2.085|12.680|37.370|5.795|4.856|2.212|16.488|65.029|52.564|21.109|28.956|1.176
14.07.2025|13.847|12.603|3.790|15.420|26.496|2.943|3.303|24.650|28.443|2.687|6.161|1.298|6.274|24.522|17.310|14.317|1.527|1.129|4.959|2.089|12.631|37.222|5.789|4.853|2.200|16.466|65.062|52.481|21.089|28.884|1.180
15.07.2025|13.870|12.609|3.780|15.441|26.522|2.947|3.305|24.665|28.420|2.693|6.160|1.300|6.316|24.623|17.321|14.289|1.531|1.130|4.983|2.078|12.668|37.286|5.798|4.856|2.189|16.490|65.097|52.567|21.139|28.942|1.187
16.07.2025|13.850|12.602|3.818|15.479|26.420|2.959|3.302|24.645|28.460|2.707|6.162|1.306|6.328|24.711|17.331|14.282|1.527|1.129|5.006|2.062|12.618|37.215|5.787|4.858|2.177|16.531|65.269|52.843|21.248|29.067|1.186
17.07.2025|13.749|12.598|3.806|15.460|26.443|2.962|3.302|24.640|28.506|2.710|6.170|1.303|6.333|24.718|17.377|14.306|1.526|1.130|5.010|2.059|12.581|37.148|5.790|4.857|2.178|16.532|65.408|52.842|21.274|29.025|1.188
18.07.2025|13.797|12.592|3.806|15.408|26.411|2.943|3.299|24.625|28.451|2.691|6.173|1.297|6.295|24.536|17.342|14.235|1.521|1.129|4.979|2.081|12.636|37.040|5.795|4.854|2.189|16.471|65.282|52.316|21.124|28.792|1.193
21.07.2025|13.765|12.588|3.780|15.397|26.401|2.940|3.298|24.620|28.442|2.688|6.172|1.294|6.291|24.459|17.289|14.311|1.524|1.131|4.982|2.075|12.602|36.909|5.803|4.856|2.196|16.471|65.326|52.245|21.100|28.816|1.192
22.07.2025|13.730|12.589|3.788|15.404|26.394|2.934|3.298|24.620|28.388|2.682|6.169|1.291|6.285|24.359|17.289|14.308|1.519|1.129|4.976|2.072|12.549|36.963|5.786|4.856|2.197|16.430|65.315|52.143|21.054|28.770|1.198
23.07.2025|13.846|12.586|3.766|15.450|26.452|2.930|3.298|24.615|28.405|2.674|6.168|1.288|6.295|24.288|17.310|14.347|1.527|1.125|4.965|2.079|12.679|36.955|5.785|4.856|2.205|16.434|65.278|51.881|20.988|28.730|1.195
24.07.2025|13.819|12.550|3.780|15.341|26.289|2.919|3.289|24.550|28.303|2.660|6.168|1.282|6.254|24.169|17.289|14.257|1.526|1.125|4.954|2.067|12.638|36.834|5.769|4.841|2.194|16.357|64.693|51.605|20.884|28.639|1.187
25.07.2025|13.743|12.548|3.786|15.303|26.263|2.920|3.288|24.540|28.157|2.666|6.185|1.283|6.231|24.193|17.257|14.177|1.515|1.127|4.958|2.062|12.583|36.641|5.769|4.839|2.197|16.337|64.660|51.717|20.931|28.722|1.180
28.07.2025|13.779|12.580|3.775|15.383|26.355|2.942|3.297|24.605|28.347|2.689|6.191|1.292|6.291|24.340|17.303|14.249|1.523|1.132|4.989|2.074|12.622|36.888|5.776|4.852|2.205|16.435|65.159|52.058|21.107|28.913|1.182
29.07.2025|13.862|12.582|3.811|15.484|26.441|2.972|3.298|24.610|28.455|2.717|6.153|1.301|6.335|24.563|17.307|14.344|1.530|1.134|5.038|2.083|12.687|37.190|5.748|4.848|2.205|16.554|65.718|52.573|21.331|29.143|1.187
30.07.2025|13.826|12.568|3.819|15.461|26.421|2.970|3.292|24.565|28.508|2.717|6.158|1.301|6.332|24.313|17.275|14.375|1.540|1.137|5.030|2.085|12.672|37.047|5.755|4.842|2.204|16.536|65.621|52.584|21.328|29.058|1.193
31.07.2025|13.840|12.563|3.845|15.515|26.432|2.984|3.292|24.570|28.403|2.735|6.143|1.305|6.343|24.505|17.278|14.328|1.541|1.141|5.034|2.087|12.686|36.802|5.750|4.841|2.201|16.556|65.695|52.883|21.468|29.226|1.185
01.08.2025|13.854|12.576|3.836|15.545|26.419|2.990|3.296|24.595|28.385|2.747|6.146|1.308|6.298|24.649|17.199|14.331|1.535|1.138|5.042|2.082|12.644|37.082|5.753|4.846|2.197|16.607|65.646|53.059|21.566|29.220|1.178
04.08.2025|13.772|12.567|3.836|15.425|26.304|2.962|3.294|24.580|28.242|2.708|6.171|1.297|6.235|24.248|17.189|14.418|1.536|1.128|5.016|2.070|12.575|37.060|5.749|4.844|2.198|16.507|65.562|52.251|21.254|28.753|1.180
05.08.2025|13.780|12.581|3.859|15.452|26.330|2.967|3.298|24.610|28.316|2.716|6.168|1.302|6.179|24.286|17.258|14.440|1.533|1.127|5.044|2.074|12.565|37.001|5.755|4.849|2.202|16.547|65.695|52.434|21.323|29.054|1.183
06.08.2025|13.768|12.563|3.846|15.391|26.227|2.947|3.293|24.570|28.183|2.697|6.170|1.294|6.136|24.137|17.206|14.350|1.525|1.130|5.006|2.072|12.553|36.794|5.744|4.841|2.195|16.458|65.384|52.080|21.175|28.821|1.188
07.08.2025|13.739|12.539|3.851|15.328|26.045|2.934|3.286|24.525|28.290|2.684|6.182|1.293|6.170|24.075|17.174|14.296|1.522|1.131|4.975|2.064|12.539|36.855|5.756|4.834|2.191|16.403|65.126|51.831|21.065|28.726|1.189
08.08.2025|13.689|12.499|3.871|15.277|25.984|2.922|3.275|24.445|28.195|2.674|6.175|1.289|6.106|23.957|17.071|14.199|1.509|1.129|4.951|2.044|12.496|36.876|5.750|4.819|2.187|16.333|64.842|51.592|20.993|28.702|1.185
11.08.2025|13.708|12.520|3.867|15.286|25.974|2.934|3.281|24.485|28.295|2.685|6.188|1.295|6.167|24.023|17.122|14.249|1.514|1.132|4.979|2.056|12.495|36.948|5.757|4.835|2.189|16.381|64.978|51.780|21.078|28.786|1.185
12.08.2025|13.680|12.514|3.878|15.282|25.980|2.934|3.279|24.475|28.390|2.686|6.181|1.295|6.144|24.041|17.115|14.201|1.516|1.129|4.984|2.058|12.483|36.936|5.745|4.832|2.187|16.391|64.934|51.819|21.086|28.807|1.191
13.08.2025|13.689|12.512|3.871|15.181|25.999|2.911|3.279|24.470|28.350|2.661|6.184|1.290|6.163|23.880|17.088|14.187|1.515|1.127|4.964|2.049|12.503|36.848|5.744|4.833|2.193|16.320|64.682|51.258|20.885|28.495|1.193
14.08.2025|13.654|12.511|3.876|15.189|25.993|2.920|3.279|24.470|28.424|2.670|6.196|1.300|6.196|23.904|17.088|14.288|1.510|1.120|4.970|2.053|12.456|36.775|5.744|4.832|2.189|16.342|64.680|51.345|20.936|28.687|1.191
15.08.2025|13.639|12.517|3.879|15.186|25.991|2.917|3.280|24.480|28.395|2.678|6.198|1.296|6.201|23.945|17.095|14.250|1.508|1.118|4.971|2.058|12.414|36.679|5.748|4.837|2.190|16.331|64.543|51.209|20.941|28.691|1.191
18.08.2025|13.652|12.515|3.877|15.205|25.969|2.921|3.279|24.475|28.390|2.682|6.187|1.297|6.185|23.994|17.112|14.204|1.512|1.114|4.965|2.059|12.448|36.788|5.759|4.837|2.194|16.343|64.580|51.329|20.964|28.706|1.190
19.08.2025|13.588|12.503|3.847|15.153|25.990|2.915|3.276|24.455|28.300|2.682|6.211|1.289|6.191|24.036|17.054|14.165|1.507|1.114|4.955|2.049|12.404|36.623|5.763|4.835|2.192|16.314|64.389|51.228|20.927|28.640|1.188
20.08.2025|13.534|12.521|3.828|15.160|26.042|2.929|3.281|24.490|28.332|2.690|6.207|1.292|6.182|24.144|17.078|14.257|1.502|1.119|4.974|2.049|12.256|36.876|5.765|4.842|2.191|16.355|64.574|51.376|21.019|28.764|1.187
21.08.2025|13.538|12.545|3.839|15.177|26.138|2.936|3.287|24.535|28.353|2.697|6.198|1.294|6.164|24.151|17.109|14.255|1.507|1.123|4.989|2.070|12.273|36.913|5.771|4.853|2.197|16.372|64.588|51.480|21.075|28.809|1.191
22.08.2025|13.596|12.563|3.874|15.209|26.183|2.948|3.292|24.570|28.394|2.707|6.208|1.295|6.227|24.175|17.110|14.234|1.522|1.131|5.006|2.076|12.297|37.158|5.764|4.862|2.197|16.426|64.837|51.760|21.163|28.923|1.200
25.08.2025|13.633|12.550|3.865|15.181|26.156|2.933|3.288|24.545|28.351|2.687|6.176|1.291|6.209|23.969|17.116|14.243|1.513|1.126|4.988|2.078|12.321|37.046|5.761|4.856|2.205|16.354|64.718|51.242|20.988|28.619|1.195
26.08.2025|13.668|12.553|3.896|15.209|26.191|2.942|3.288|24.545|28.405|2.700|6.184|1.292|6.255|24.032|17.140|14.291|1.510|1.130|4.996|2.074|12.332|36.964|5.759|4.852|2.200|16.387|64.906|51.344|21.059|28.845|1.194
27.08.2025|13.700|12.550|3.895|15.287|26.252|2.957|3.288|24.545|28.449|2.720|6.184|1.294|6.340|24.124|17.164|14.300|1.515|1.131|4.999|2.082|12.336|36.982|5.747|4.844|2.208|16.425|65.198|51.602|21.172|28.944|1.192
28.08.2025|13.735|12.556|3.890|15.291|26.252|2.950|3.289|24.555|28.424|2.698|6.192|1.287|6.326|24.016|17.171|14.319|1.518|1.130|4.988|2.090|12.360|36.912|5.762|4.845|2.218|16.393|65.047|51.246|21.033|28.684|1.193
29.08.2025|13.683|12.499|3.864|15.248|26.104|2.940|3.275|24.445|28.212|2.690|6.160|1.271|6.272|23.778|17.094|14.238|1.506|1.122|4.963|2.082|12.336|36.661|5.731|4.819|2.211|16.312|64.707|50.951|20.967|28.715|1.182
01.09.2025|13.669|12.496|3.845|15.177|26.056|2.925|3.274|24.440|28.223|2.676|6.188|1.271|6.224|23.662|17.043|14.175|1.498|1.121|4.939|2.083|12.312|36.506|5.744|4.817|2.219|16.254|64.592|50.752|20.867|28.559|1.188
02.09.2025|13.679|12.518|3.850|15.252|26.141|2.944|3.281|24.485|28.135|2.694|6.190|1.283|6.204|23.871|17.051|14.144|1.507|1.120|4.972|2.096|12.308|36.681|5.740|4.818|2.224|16.318|64.958|51.115|21.033|28.787|1.187
03.09.2025|13.712|12.499|3.851|15.196|26.067|2.935|3.275|24.445|28.135|2.688|6.216|1.277|6.225|23.823|17.023|14.113|1.509|1.122|4.960|2.089|12.307|36.587|5.749|4.814|2.222|16.275|64.868|50.988|20.968|28.633|1.189
04.09.2025|13.689|12.498|3.847|15.198|26.070|2.939|3.276|24.455|28.229|2.691|6.219|1.278|6.241|23.822|17.030|14.154|1.506|1.119|4.968|2.081|12.303|36.757|5.751|4.816|2.219|16.287|64.978|51.032|20.988|28.671|1.181
05.09.2025|13.668|12.490|3.851|15.136|26.026|2.925|3.272|24.425|28.149|2.676|6.219|1.272|6.257|23.661|17.057|14.105|1.501|1.118|4.942|2.079|12.280|36.728|5.745|4.809|2.220|16.233|64.884|50.611|20.880|28.545|1.181
08.09.2025|13.682|12.462|3.843|15.042|26.117|2.913|3.263|24.360|28.107|2.665|6.190|1.274|6.241|23.594|16.987|14.054|1.496|1.113|4.924|2.080|12.325|36.597|5.733|4.803|2.215|16.170|65.403|50.381|20.768|28.434|1.182
09.09.2025|13.693|12.437|3.819|14.999|26.072|2.909|3.258|24.325|28.083|2.660|6.184|1.257|6.202|23.491|16.963|14.110|1.494|1.112|4.925|2.078|12.325|36.408|5.716|4.794|2.211|16.164|65.384|50.182|20.713|28.400|1.184
10.09.2025|13.768|12.470|3.841|15.046|26.128|2.928|3.267|24.390|28.208|2.677|6.200|1.267|6.255|23.663|17.056|14.134|1.501|1.119|4.947|2.099|12.383|36.503|5.720|4.806|2.227|16.250|65.537|50.509|20.852|28.644|1.185
11.09.2025|13.783|12.467|3.853|15.030|26.092|2.929|3.267|24.385|28.204|2.679|6.205|1.268|6.247|23.601|17.076|14.109|1.498|1.119|4.943|2.099|12.372|36.494|5.716|4.809|2.227|16.240|65.589|50.536|20.869|28.602|1.190
12.09.2025|13.779|12.432|3.843|14.983|26.016|2.913|3.257|24.315|28.100|2.666|6.218|1.267|6.225|23.506|16.956|14.028|1.491|1.123|4.934|2.100|12.341|36.321|5.712|4.795|2.221|16.162|65.362|50.307|20.749|28.414|1.194
15.09.2025|13.772|12.438|3.875|14.957|26.004|2.903|3.259|24.325|28.146|2.658|6.237|1.260|6.186|23.451|16.987|14.028|1.489|1.122|4.916|2.105|12.333|36.157|5.724|4.804|2.230|16.140|64.877|50.080|20.673|28.360|1.193
16.09.2025|13.746|12.438|3.881|14.988|26.056|2.897|3.259|24.325|28.107|2.648|6.239|1.254|6.162|23.401|16.987|14.017|1.491|1.123|4.901|2.100|12.313|36.211|5.722|4.802|2.227|16.124|64.997|49.960|20.609|28.299|1.187
17.09.2025|13.724|12.440|3.879|14.943|26.102|2.893|3.260|24.330|28.049|2.643|6.237|1.251|6.146|23.397|17.038|14.037|1.491|1.124|4.907|2.093|12.293|36.150|5.720|4.802|2.219|16.100|64.730|49.778|20.555|28.280|1.182
18.09.2025|13.669|12.426|3.894|14.919|26.044|2.894|3.255|24.300|28.001|2.644|6.255|1.246|6.163|23.334|16.946|13.949|1.483|1.127|4.901|2.096|12.135|36.033|5.709|4.794|2.209|16.066|64.606|49.789|20.563|28.330|1.184
19.09.2025|13.646|12.422|3.881|14.978|25.997|2.908|3.255|24.295|27.891|2.661|6.218|1.247|6.201|23.472|16.990|13.977|1.480|1.123|4.918|2.082|12.132|36.225|5.698|4.788|2.194|16.104|64.874|49.984|20.691|28.493|1.190
22.09.2025|13.574|12.377|3.855|14.904|25.940|2.894|3.249|24.250|27.780|2.649|6.233|1.240|6.137|23.315|16.982|13.921|1.479|1.119|4.898|2.072|12.058|36.188|5.695|4.778|2.194|16.044|64.768|49.776|20.582|28.245|1.190
23.09.2025|13.576|12.391|3.846|14.861|25.940|2.890|3.247|24.235|27.772|2.643|6.227|1.233|6.147|23.149|16.995|13.906|1.474|1.121|4.895|2.077|12.047|35.893|5.695|4.773|2.204|16.011|64.510|49.630|20.552|28.217|1.186
24.09.2025|13.649|12.414|3.900|14.893|26.011|2.899|3.253|24.280|27.815|2.656|6.211|1.239|6.165|23.283|17.051|13.911|1.476|1.122|4.907|2.077|12.060|35.939|5.690|4.783|2.201|16.051|64.494|49.885|20.657|28.381|1.194
25.09.2025|13.624|12.419|3.892|14.898|25.996|2.906|3.254|24.290|27.775|2.661|6.216|1.237|6.189|23.341|17.058|13.909|1.474|1.123|4.916|2.080|12.028|35.573|5.696|4.785|2.199|16.054|64.316|49.963|20.701|28.384|1.193
26.09.2025|13.604|12.439|3.890|14.941|26.073|2.920|3.260|24.330|27.834|2.678|6.214|1.246|6.191|23.490|17.134|13.919|1.478|1.128|4.936|2.077|12.009|35.831|5.696|4.791|2.204|16.112|64.622|50.268|20.839|28.560|1.194
29.09.2025|13.604|12.425|3.888|14.877|25.979|2.911|3.255|24.300|27.857|2.664|6.215|1.243|6.238|23.350|17.113|13.934|1.479|1.130|4.917|2.080|11.987|35.640|5.692|4.785|2.203|16.062|64.318|49.849|20.726|28.303|1.199
30.09.2025|13.704|12.445|3.901|14.888|26.000|2.912|3.261|24.340|27.868|2.664|6.236|1.244|6.276|23.344|17.093|14.004|1.477|1.130|4.925|2.076|12.015|35.590|5.700|4.790|2.203|16.068|63.926|49.895|20.727|28.387|1.200
01.10.2025|13.695|12.423|3.903|14.868|25.950|2.911|3.254|24.295|27.921|2.663|6.252|1.248|6.254|23.354|17.037|14.088|1.475|1.134|4.925|2.084|12.037|35.636|5.706|4.781|2.201|16.074|63.991|49.819|20.721|28.407|1.206
02.10.2025|13.624|12.395|3.884|14.788|25.922|2.896|3.246|24.240|27.796|2.650|6.236|1.243|6.220|23.240|17.046|14.042|1.471|1.123|4.903|2.075|12.017|35.476|5.695|4.769|2.203|16.020|63.814|49.599|20.618|28.268|1.200
03.10.2025|13.656|12.415|3.879|14.809|25.978|2.905|3.250|24.270|27.811|2.658|6.243|1.251|6.252|23.300|17.068|14.039|1.471|1.124|4.915|2.079|12.063|35.716|5.704|4.766|2.206|16.042|63.848|49.619|20.683|28.385|1.199
06.10.2025|13.735|12.426|3.906|14.907|26.093|2.923|3.255|24.305|27.955|2.673|6.250|1.257|6.347|23.441|17.140|13.874|1.475|1.131|4.937|2.092|12.117|35.678|5.716|4.776|2.212|16.091|64.178|49.911|20.809|28.530|1.207
07.10.2025|13.734|12.435|3.910|14.944|26.106|2.929|3.257|24.320|27.939|2.679|6.204|1.261|6.362|23.496|17.175|13.816|1.476|1.135|4.948|2.096|12.103|35.864|5.717|4.776|2.221|16.125|64.159|50.006|20.855|28.487|1.212
08.10.2025|13.776|12.462|3.914|15.026|26.188|2.942|3.264|24.370|28.099|2.692|6.211|1.265|6.382|23.601|17.235|13.723|1.472|1.140|4.968|2.100|12.103|36.124|5.733|4.782|2.223|16.172|64.394|50.211|20.945|28.614|1.220
09.10.2025|13.821|12.435|3.929|15.016|26.127|2.942|3.257|24.320|28.008|2.693|6.219|1.266|6.454|23.590|17.151|13.709|1.476|1.143|4.969|2.092|12.101|36.006|5.717|4.774|2.213|16.163|64.330|50.223|20.948|28.558|1.225
10.10.2025|13.767|12.426|3.915|14.983|26.063|2.948|3.254|24.300|27.897|2.698|6.222|1.269|6.452|23.674|17.161|13.766|1.478|1.143|4.970|2.081|12.083|36.030|5.707|4.771|2.207|16.185|64.218|50.206|20.999|28.620|1.220
13.10.2025|13.707|12.452|3.844|15.024|26.174|2.951|3.261|24.355|28.071|2.706|6.203|1.271|6.411|23.734|17.200|13.838|1.475|1.137|4.979|2.086|12.047|36.105|5.715|4.786|2.211|16.206|64.669|50.344|21.046|28.630|1.213
14.10.2025|13.574|12.432|3.822|14.959|26.158|2.947|3.256|24.320|27.912|2.706|6.190|1.269|6.328|23.696|17.199|13.836|1.467|1.131|4.974|2.065|11.972|36.122|5.706|4.778|2.203|16.167|64.143|50.299|21.039|28.620|1.205
15.10.2025|13.612|12.414|3.821|14.876|26.096|2.931|3.251|24.280|27.896|2.687|6.214|1.261|6.347|23.722|17.147|13.779|1.467|1.132|4.936|2.074|11.954|35.925|5.705|4.771|2.204|16.110|64.133|49.978|20.890|28.401|1.206
16.10.2025|13.543|12.420|3.828|14.835|26.123|2.926|3.252|24.290|27.990|2.682|6.232|1.258|6.314|23.714|17.154|13.790|1.470|1.131|4.931|2.070|11.957|35.933|5.714|4.774|2.205|16.086|64.097|49.811|20.847|28.431|1.204
17.10.2025|13.498|12.431|3.827|14.831|26.276|2.923|3.255|24.315|27.956|2.680|6.240|1.256|6.302|23.653|17.123|13.842|1.465|1.129|4.927|2.071|11.920|35.791|5.726|4.778|2.204|16.075|63.527|49.781|20.819|28.432|1.198
20.10.2025|13.525|12.423|3.857|14.839|26.295|2.926|3.253|24.295|27.956|2.682|6.237|1.257|6.294|23.706|17.157|13.825|1.464|1.133|4.931|2.069|11.942|35.826|5.721|4.774|2.211|16.101|63.757|49.665|20.839|28.501|1.203
21.10.2025|13.598|12.433|3.890|14.918|26.339|2.943|3.255|24.315|28.019|2.695|6.243|1.263|6.370|23.810|17.172|13.781|1.464|1.136|4.953|2.084|11.989|35.887|5.736|4.783|2.223|16.144|63.818|49.930|20.948|28.608|1.208
22.10.2025|13.612|12.433|3.898|14.956|26.351|2.944|3.255|24.315|27.981|2.700|6.243|1.266|6.359|23.911|17.147|13.822|1.464|1.140|4.959|2.089|12.049|35.885|5.748|4.784|2.228|16.153|63.822|49.976|20.978|28.605|1.202
23.10.2025|13.634|12.428|3.893|14.982|26.279|2.943|3.254|24.305|27.965|2.698|6.232|1.262|6.342|23.863|17.092|13.734|1.455|1.139|4.958|2.098|12.041|35.766|5.743|4.782|2.226|16.134|63.859|49.941|20.968|28.551|1.208
24.10.2025|13.625|12.445|3.890|14.942|26.321|2.943|3.258|24.340|27.894|2.698|6.249|1.263|6.378|23.869|17.093|13.710|1.456|1.139|4.963|2.095|12.040|35.749|5.741|4.788|2.232|16.132|63.971|50.078|20.959|28.535|1.210
27.10.2025|13.707|12.438|3.896|14.944|26.259|2.941|3.257|24.325|27.891|2.690|6.250|1.258|6.415|23.678|17.010|13.671|1.459|1.137|4.964|2.091|12.054|35.489|5.744|4.785|2.230|16.123|63.940|49.848|20.897|28.463|1.216
29.10.2025|13.801|12.442|3.912|15.012|26.230|2.945|3.258|24.335|27.631|2.691|6.272|1.258|6.448|23.694|16.970|13.754|1.470|1.134|4.992|2.091|12.097|35.612|5.738|4.786|2.233|16.156|64.721|49.850|20.908|28.538|1.222
30.10.2025|13.790|12.467|3.913|15.054|26.261|2.966|3.265|24.380|27.690|2.715|6.267|1.268|6.478|23.784|16.931|13.669|1.470|1.135|5.023|2.090|12.085|35.774|5.743|4.795|2.228|16.197|64.999|50.241|21.095|28.760|1.216
31.10.2025|13.771|12.442|3.916|15.014|26.208|2.960|3.259|24.335|27.614|2.710|6.269|1.267|6.482|23.737|16.806|13.662|1.475|1.136|5.029|2.089|12.043|35.876|5.718|4.785|2.227|16.181|65.180|50.238|21.062|28.644|1.214
03.11.2025|13.834|12.446|3.947|15.055|26.171|2.969|3.259|24.340|27.772|2.720|6.286|1.269|6.480|23.820|16.694|13.708|1.479|1.143|5.034|2.091|12.079|35.927|5.720|4.786|2.226|16.216|65.166|50.286|21.142|28.720|1.222
04.11.2025|13.778|12.462|3.937|15.066|26.226|2.977|3.265|24.375|27.708|2.729|6.276|1.270|6.493|23.912|16.741|13.821|1.475|1.139|5.053|2.079|12.009|36.192|5.726|4.792|2.219|16.236|65.198|50.398|21.211|28.769|1.214
05.11.2025|13.760|12.463|3.930|15.018|26.186|2.977|3.265|24.375|27.665|2.729|6.298|1.270|6.489|23.936|16.582|13.798|1.469|1.137|5.062|2.075|11.982|36.082|5.725|4.793|2.212|16.233|65.230|50.401|21.216|28.748|1.216
06.11.2025|13.752|12.445|3.954|14.976|26.124|2.965|3.259|24.340|27.640|2.715|6.301|1.264|6.470|23.825|16.648|13.741|1.460|1.137|5.046|2.076|11.958|35.895|5.723|4.787|2.215|16.182|65.244|50.258|21.106|28.593|1.217
07.11.2025|13.641|12.442|3.925|14.921|26.133|2.956|3.259|24.335|27.620|2.706|6.312|1.261|6.450|23.731|16.645|13.745|1.442|1.134|5.039|2.065|11.828|35.582|5.728|4.785|2.203|16.163|65.053|49.855|21.045|28.543|1.213
10.11.2025|13.710|12.414|3.948|14.980|26.056|2.947|3.252|24.280|27.663|2.699|6.330|1.260|6.490|23.662|16.585|13.615|1.443|1.140|5.044|2.076|11.838|35.607|5.734|4.774|2.210|16.108|64.883|49.687|20.983|28.503|1.221
11.11.2025|13.691|12.418|3.966|14.958|26.179|2.947|3.252|24.285|27.585|2.699|6.298|1.257|6.512|23.705|16.565|13.609|1.432|1.142|5.068|2.083|11.856|35.574|5.741|4.777|2.214|16.117|64.689|49.669|20.977|28.498|1.222
12.11.2025|13.690|12.389|3.972|14.940|26.200|2.942|3.245|24.230|27.455|2.694|6.292|1.254|6.548|23.628|16.483|13.521|1.428|1.145|5.061|2.080|11.856|35.391|5.731|4.766|2.214|16.067|64.499|49.578|20.935|28.443|1.227
13.11.2025|13.649|12.369|3.940|14.867|26.165|2.934|3.239|24.190|27.434|2.679|6.298|1.245|6.484|23.472|16.456|13.467|1.422|1.140|5.042|2.072|11.796|35.351|5.721|4.758|2.211|16.009|64.432|49.265|20.817|28.277|1.224
14.11.2025|13.568|12.379|3.923|14.823|26.364|2.928|3.242|24.210|27.367|2.675|6.287|1.245|6.421|23.447|16.425|13.511|1.435|1.131|5.030|2.064|11.816|35.270|5.720|4.760|2.204|16.008|64.142|49.103|20.786|28.271|1.213
18.11.2025|13.568|12.366|3.909|14.879|26.192|2.935|3.238|24.185|27.419|2.680|6.282|1.247|6.378|23.560|16.430|13.441|1.426|1.132|5.011|2.061|11.822|35.468|5.699|4.754|2.199|16.023|64.390|49.283|20.867|28.377|1.211
19.11.2025|13.525|12.348|3.905|14.878|26.013|2.932|3.233|24.150|27.356|2.677|6.321|1.249|6.377|23.553|16.451|13.356|1.421|1.138|5.023|2.054|11.730|35.398|5.713|4.746|2.197|15.987|64.264|49.211|20.844|28.316|1.215
20.11.2025|13.606|12.360|3.940|14.930|26.005|2.952|3.237|24.175|27.430|2.697|6.321|1.255|6.445|23.670|16.468|13.318|1.429|1.143|5.053|2.059|11.789|35.565|5.712|4.751|2.198|16.059|64.747|49.582|21.001|28.521|1.218
21.11.2025|13.565|12.395|3.916|14.941|26.087|2.961|3.246|24.240|27.536|2.704|6.323|1.261|6.415|23.471|16.467|13.425|1.428|1.141|5.073|2.055|11.791|35.755|5.711|4.763|2.199|16.092|64.855|49.589|21.048|28.499|1.213
24.11.2025|13.521|12.359|3.879|14.844|25.926|2.947|3.236|24.170|27.453|2.690|6.319|1.254|6.393|23.483|16.420|13.337|1.418|1.136|5.055|2.049|11.750|35.569|5.714|4.750|2.196|16.049|64.476|49.351|20.935|28.347|1.211
25.11.2025|13.508|12.341|3.894|14.807|25.834|2.949|3.231|24.135|27.471|2.687|6.325|1.254|6.385|23.430|16.463|13.381|1.426|1.133|5.054|2.039|11.720|35.516|5.714|4.744|2.185|16.051|64.737|49.252|20.897|28.338|1.213
26.11.2025|13.568|12.358|3.881|14.821|25.877|2.949|3.236|24.170|27.547|2.684|6.327|1.253|6.360|23.397|16.465|13.344|1.416|1.136|5.047|2.041|11.853|35.486|5.711|4.748|2.191|16.081|64.797|49.171|20.874|28.308|1.218
27.11.2025|13.618|12.363|3.901|14.857|25.895|2.946|3.237|24.180|27.620|2.682|6.336|1.254|6.371|23.339|16.404|13.349|1.427|1.137|5.050|2.048|11.923|35.503|5.710|4.750|2.199|16.075|64.749|49.165|20.865|28.346|1.215
28.11.2025|13.637|12.356|3.911|14.909|25.937|2.953|3.236|24.170|27.612|2.685|6.337|1.255|6.409|23.347|16.312|13.382|1.421|1.139|5.056|2.056|11.936|35.618|5.702|4.748|2.205|16.104|64.907|49.168|20.895|28.387|1.220
01.12.2025|13.635|12.369|3.886|14.879|25.946|2.938|3.239|24.190|27.556|2.667|6.354|1.247|6.364|23.201|16.323|13.418|1.417|1.137|5.029|2.054|11.940|35.521|5.720|4.753|2.206|16.057|65.061|48.930|20.774|28.223|1.217
02.12.2025|13.634|12.344|3.883|14.854|25.848|2.941|3.235|24.160|27.467|2.671|6.345|1.251|6.391|23.122|16.258|13.329|1.417|1.136|5.032|2.050|11.907|35.444|5.700|4.746|2.199|16.027|64.969|49.030|20.796|28.327|1.216
03.12.2025|13.625|12.323|3.888|14.819|25.836|2.925|3.229|24.120|27.507|2.654|6.331|1.243|6.403|22.912|16.188|13.308|1.410|1.132|5.011|2.051|11.892|35.025|5.702|4.735|2.202|15.966|64.753|48.678|20.660|28.112|1.210
04.12.2025|13.680|12.356|3.906|14.820|25.864|2.928|3.234|24.155|27.623|2.661|6.324|1.244|6.394|23.043|16.211|13.378|1.407|1.133|5.036|2.050|11.933|35.079|5.708|4.744|2.202|15.982|64.581|48.787|20.708|28.247|1.220
05.12.2025|13.798|12.382|3.913|14.915|25.859|2.940|3.241|24.210|27.734|2.670|6.341|1.249|6.432|23.113|16.259|13.392|1.412|1.143|5.056|2.060|12.011|35.224|5.722|4.754|2.209|16.048|65.279|48.890|20.786|28.381|1.228
08.12.2025|13.825|12.406|3.850|15.083|25.852|2.946|3.249|24.270|27.748|2.676|6.334|1.248|6.491|23.126|16.310|13.390|1.420|1.145|5.063|2.059|12.054|35.245|5.739|4.769|2.217|16.066|65.399|48.953|20.823|28.393|1.227
09.12.2025|13.853|12.427|3.819|15.075|25.886|2.955|3.251|24.285|27.806|2.682|6.328|1.253|6.496|23.230|16.321|13.347|1.421|1.142|5.072|2.061|12.076|35.181|5.741|4.772|2.229|16.094|65.553|49.017|20.873|28.459|1.223
10.12.2025|13.845|12.399|3.817|15.053|25.919|2.952|3.247|24.250|27.746|2.679|6.317|1.249|6.448|23.183|16.319|13.306|1.418|1.145|5.062|2.053|12.044|35.172|5.737|4.767|2.233|16.082|65.466|48.928|20.844|28.409|1.224
11.12.2025|13.764|12.350|3.800|14.983|25.955|2.929|3.243|24.220|27.679|2.657|6.309|1.240|6.437|22.891|16.299|13.291|1.406|1.138|5.030|2.048|12.019|35.040|5.731|4.758|2.233|15.989|65.106|48.512|20.674|28.163|1.221
12.12.2025|13.775|12.393|3.831|15.020|25.975|2.929|3.245|24.240|27.648|2.654|6.304|1.242|6.444|22.832|16.334|13.247|1.399|1.146|5.039|2.044|12.005|34.990|5.738|4.761|2.226|16.000|65.508|48.541|20.664|28.235|1.226
15.12.2025|13.750|12.425|3.836|15.026|25.974|2.933|3.253|24.300|27.678|2.656|6.310|1.240|6.441|22.779|16.397|13.329|1.411|1.150|5.051|2.040|11.976|35.056|5.757|4.773|2.227|16.039|65.677|48.409|20.670|28.253|1.232
16.12.2025|13.707|12.433|3.800|15.006|25.999|2.933|3.255|24.315|27.744|2.655|6.324|1.237|6.406|22.715|16.429|13.354|1.401|1.149|5.055|2.029|11.950|35.223|5.761|4.775|2.222|16.024|65.604|48.348|20.652|28.263|1.231
17.12.2025|13.751|12.453|3.778|15.067|26.104|2.950|3.260|24.355|27.723|2.670|6.292|1.245|6.444|22.992|16.456|13.355|1.404|1.155|5.082|2.032|11.995|35.418|5.785|4.783|2.227|16.086|65.975|48.630|20.777|28.455|1.242
18.12.2025|13.752|12.462|3.753|15.091|26.184|2.955|3.265|24.395|27.882|2.674|6.286|1.245|6.465|23.048|16.505|13.359|1.409|1.155|5.092|2.041|11.997|35.497|5.801|4.792|2.237|16.119|66.143|48.681|20.804|28.424|1.239
19.12.2025|13.718|12.437|3.759|15.061|26.108|2.951|3.256|24.325|27.771|2.670|6.287|1.241|6.463|23.169|16.525|13.210|1.405|1.152|5.096|2.043|11.922|35.412|5.777|4.779|2.231|16.068|66.019|48.660|20.776|28.400|1.237
22.12.2025|13.762|12.435|3.738|15.041|26.110|2.941|3.255|24.320|27.818|2.661|6.269|1.234|6.463|23.094|16.477|13.170|1.399|1.150|5.076|2.045|11.988|35.258|5.768|4.780|2.241|16.050|66.461|48.393|20.699|28.270|1.240
23.12.2025|13.818|12.434|3.694|15.064|26.193|2.936|3.256|24.320|27.861|2.652|6.218|1.230|6.452|23.043|16.432|13.226|1.393|1.150|5.077|2.051|12.049|35.072|5.747|4.778|2.247|16.051|66.364|48.183|20.631|28.206|1.237
29.12.2025|13.809|12.414|3.698|15.076|26.138|2.945|3.251|24.280|27.829|2.654|6.266|1.229|6.454|22.950|16.428|13.203|1.436|1.150|5.082|2.054|11.962|35.052|5.743|4.766|2.245|16.053|65.671|48.058|20.633|28.263|1.239
30.12.2025|13.826|12.398|3.736|15.057|26.104|2.949|3.247|24.250|27.835|2.649|6.284|1.230|6.476|22.961|16.474|13.214|1.428|1.148|5.096|2.051|11.961|35.055|5.737|4.758|2.241|16.064|65.691|48.069|20.623|28.253|1.240
31.12.2025|13.790|12.396|3.767|15.069|26.041|2.952|3.246|24.245|27.789|2.650|6.296|1.237|6.472|22.963|16.471|13.171|1.431|1.148|5.084|2.047|11.898|35.000|5.744|4.757|2.240|16.052|65.168|48.021|20.632|28.281|1.246

